# Created by Octave 3.6.1, Mon Apr 23 13:11:15 2012 Œrodkowoeuropejski czas letni <unknown@Adrian-Komputer>
# name: planes
# type: matrix
# rows: 45
# columns: 41
 0.04129365079365081 0.1551160865396599 -0.05233043668490939 0.0233064149593736 -0.005593129550276932 0.03914648317425277 -0.03789657578740369 -0.01701399183595588 0.03747689087951225 0.01584729481264245 -0.04529508529693408 0.003370478557596551 -0.00344054898750159 -0.07812582912398086 -0.006962790279337999 0.04657869709267717 0.02611999598436859 -0.006614605267789873 -0.03349417275930102 0.05383000984495498 0.03157804789649682 0.05284970357823184 0.01941544513122559 0.09059534585406 0.01552646402789128 0.05331063425974551 -0.0396776318988104 0.0290824169338625 -0.02888072331380023 -0.09887897519182789 0.01328412865243272 -0.03137466972150825 -0.005019449195383822 -0.0002410802127821104 0.0219482886213023 -0.02741764791776702 -0.005817561715257466 0.003188682106161504 0.001823770723925986 0.01057257831935497 0.00663936934856731
 -0.1695119047619048 0.06128630519682462 -0.02312177026716093 0.02242540715164405 0.04262237741732541 0.07428836523516749 -0.01232322379213124 0.002009827111249673 -0.01482864061987268 0.03359752271714685 -0.06629679952185823 -0.04803020212304866 0.02181817968810103 0.003561912094397256 0.04259465972098699 0.06588887688668374 -0.01047284970420144 0.01060297725163628 -0.02583900632392681 0.03688636163184737 0.02136121924478306 0.02298979792532991 0.002249056356164283 0.04665771588693558 0.06313639519279575 0.02393232381589384 -0.01672493424923238 0.04891469174605923 0.005622520462217601 -0.0900221831588688 0.04549862706803551 0.01401259162141707 -0.002116636689128301 -0.008193748512873637 -0.01867501331972147 -0.04031865937203083 0.0203507748720299 -0.004674181727310964 -0.007865945521887255 -0.01975553452742429 0.02703408351037384
 -0.1201626984126984 0.07000067511929244 -0.04399266201526829 0.03988970224251656 0.01418252372577138 0.04732556560270095 0.01024703069814055 0.01546368815859833 -0.02260536118299499 0.01275145888760972 -0.003461029477256555 -0.0166847378456313 0.03036939314797125 -0.01418682844237562 0.04397629508709015 0.01523506040678821 0.03999323794737993 0.05230148793747426 -0.05624851266076292 0.02857404146636023 0.01814744064738269 0.02334444707443172 -0.01178892362844616 0.04474175525552547 0.006656278355607408 0.02886523613221608 0.001717997095212926 0.01319275721177996 -0.007878942728883299 -0.06576059724489508 0.05682935328170192 -0.03213402172451478 0.0003412202031205431 -0.002041370387755258 0.00441866028018886 -0.03080133283619772 -0.003317506714291482 -0.04203536880186787 -0.04769431449771585 0.001454212267072512 0.0101987856335616
 -0.06237301587301587 0.05792804388813848 0.06360903937290574 0.01328837943567686 0.04996568573747394 0.1136426379243906 -0.03590774705512217 -0.06162668800027499 0.03806824098169478 0.03152553588428402 0.03807398932733715 -0.08319047925025581 0.04747386749528586 0.04591181705040857 0.06570935271348233 0.0647258158271386 -0.002072353962613503 0.00765804670756234 -0.01176824083899135 0.04392989741286479 -0.001798826146433238 -0.02634759547869666 -0.07105740492803762 0.01201321581699085 0.02046096059193634 0.05137832733995826 -0.002221161822394162 0.03769485042883618 -0.01036176076689902 -0.0753057889075294 0.03954973234377948 0.0186105742079063 -0.02552553871204289 -0.03798559081073218 0.02199100594246813 -0.02378777063575459 -0.04188657544570257 -0.02331029498501968 -0.03015395253804637 -0.08974098014021749 0.06807578548326
 -0.140940476190476 0.06825873815809101 -0.01658253157572767 0.01942228103793071 -0.01757791455238429 0.02737477625385423 -0.003344467540451607 -0.0003792253263376272 0.0294351193165199 -0.02160162827559457 0.0002324482916672783 -0.01005816420122145 0.01785338281132438 -0.04145251877599496 0.01909854976992171 0.01712193744141884 0.01078456637544255 0.01190808898331574 -0.04748110250267301 0.009181449096991208 0.006382170226403591 0.008489183031344591 0.01174560089905516 0.0337467567915595 -0.0334469967085935 0.02061336968787482 -0.01749286595254813 -0.0001176407588222663 -0.02008935066737402 -0.04647307180922063 0.004677694993128595 -0.02541500216207677 0.009604721260426325 0.001046508331122014 0.01423164167878966 -0.01298647868411666 0.01390932296750316 -0.03413864007851426 -0.02852869903789626 -0.0172209209910861 0.01886268083212661
 0.005480158730158737 0.05894512338232167 -0.0310046901566731 0.01632967905818159 0.1012119305979593 0.08771234198995614 -0.09508045103052987 -0.03334228465855969 0.03940607979402003 0.003294817477811686 -0.01731004190139202 -0.02509567561786982 0.0929241691874256 -0.02757818175156789 0.03064766285594674 0.03220248978554613 -0.0270141772837962 -0.02283985505132921 -0.07363192880514119 -0.02419642280999978 -0.01545863578602056 -0.003043373202497594 -0.03072640860320575 0.02317273009631227 -0.003813528980533157 0.01891601844409072 -0.05461474940248094 0.03481918063955007 -0.04155300793983586 -0.0548113280978894 -0.002639346544353789 -0.06092344419427066 0.02977151629037151 -0.08264267761719821 -0.02883895920076958 -0.04943501650942542 0.03720922780150146 -0.007446330447353237 0.02199552454433121 0.01566429213567615 -0.02510058743641043
 -0.02197222222222222 0.1391086516878808 0.1919254769885387 0.08532207247791679 -0.03639498008992448 0.04415230953935174 0.04407952255994182 -0.02590108762779162 -0.004102435196853 -0.02159984436195997 0.03743488164539007 -0.0736242149855125 0.06326043966714946 -0.02416240781310203 0.08795767467593212 0.02465649015080749 0.02481886117902314 0.03086860544072332 0.03476793271620673 0.03651732888988837 0.07158661603373091 -0.01709641175642567 -0.06073548962200783 0.03260115940303047 0.01527428846476606 0.02214787895272081 -0.08863881530167073 0.03562924972383302 -0.04510533522997689 -0.08565577161953 0.04781435750497679 0.04719217260522372 -0.02599505114867672 -0.006387538928629324 -0.08759001305258939 -0.04445926382210352 -0.04886690197380979 -0.1283597548002185 0.0002915498924244468 0.007620621037142842 0.006028744397099921
 -0.1026746031746033 0.04505521182487573 0.009090235776018399 0.03638950900743517 -0.01727129459901745 0.05791232781391652 -0.002958427773683184 -0.03077998349073988 0.03005782715428712 -0.01456311429954619 0.03065418502162331 -0.03467682185305819 0.02136080886870069 -0.01057646580854 0.03148577006842729 0.0120474618791178 0.005583456119249221 0.00433296294857076 -0.02294192453276847 0.01392453059312495 0.01663888692502678 0.02583812121221185 0.005481646118524751 0.01732525992258855 0.02852458132514126 -0.01584258920866572 -0.00337201469540952 0.03726126767814504 0.001239118733354585 -0.0199941010780562 0.01770543436375839 -0.008503500435667529 -0.04288071432344789 0.01134661152073657 -0.0001931106262232069 -0.01706414181934247 0.01921316680608402 -0.005898288612422007 0.01687104102424837 0.01977230211241006 -0.02315363245087597
 -0.1125317460317461 0.06009610579872337 0.07125587934256786 0.05529375270464428 -0.01328535180856382 0.05077203315613819 -0.007350446263093975 -0.01143822282827183 0.01517870889092692 -0.01343725842932113 0.01238511978270905 -0.03945776620099748 0.006623429681799227 -0.001691852239923629 0.08351730894402805 0.01540347227473611 -0.01166899378053705 -0.01019181004053576 -0.04676156018714398 -9.331593004726176e-005 0.01736283733692541 -0.008179371297123716 -0.04568443258286652 0.0168504488061621 0.0219642745305777 0.0184178160422645 -0.018407547086574 0.0269051722102709 -0.02449955309420425 -0.08823401366442492 0.0234624329116613 0.02602579025936448 -0.06933885136850744 -0.03415953165236695 0.01348050363385687 -0.05710689714991023 -0.03122090410607229 -0.02097670275103884 -0.04854561230806214 -0.02019925381617863 -0.02578539659778376
 -0.2422261904761906 -0.1095094993110142 0.04906763073052695 -0.003423756135243343 0.08531861664495034 0.01575012867934194 0.005418864012174503 0.004564099007954016 -0.002526162050176865 -0.00752692389473255 0.005247495890512918 -0.00535146788036537 -0.01751771538716158 0.04033550139979722 -0.02244683238562237 -0.07474428898596006 0.007696017829446151 0.02737836214512586 0.02793619160397457 0.02063747659931998 -0.01433575186990833 0.006478392238928438 -0.04216631679913485 -0.002304423011835003 -0.01546280314728721 -0.03348657454181581 0.02101951160975596 -0.01049047098637765 -0.03819997253445485 0.02395319569732129 0.01389155068135699 0.00736650708783054 0.003652045344546222 0.01540086837367169 -0.01386273070579394 0.01296685971455819 0.02794318051771547 -0.01895816754100602 0.02592797943025298 0.02273479715484129 -0.03173272969445128
 -0.2428174603174606 -0.08542866820221325 0.04902095138065109 0.004705599812175476 0.00448569906494905 -0.001811667223328261 -0.004197869529718829 0.00770917657702115 -0.06233123230950666 0.006609111145698329 0.0236614304318043 -0.01770736669186921 0.0001574196868309226 0.03366536977926992 0.02824440298132827 -0.04565616050439035 0.03162890557201208 0.03222726378996081 0.05056982286623116 -0.02418826111831206 0.01000763640943624 -0.01629526705265106 -0.03053488819623375 0.02651652332661821 0.04883876180008202 -0.0343892710981165 -0.01746009720229862 -0.004333290685813208 -0.02188706350635743 -0.004230269748946438 -0.002323029380731646 -0.026787203271998 0.01156224260017237 0.005611830796212571 -0.04911696899699395 -6.314843494903313e-005 0.01779661095204306 0.02321915789306098 -0.004653954928182179 0.01715520973070412 -0.005991336788097649
 -0.03686111111111109 -0.02433214783615418 0.1083833917416719 -0.02777975776327098 0.03621397520663402 0.006512683863882541 -0.02890470986291704 -0.04050815804929471 0.03461798168456928 -0.04184707186466231 0.02653667231276661 0.008845592640442363 0.01290468337024107 -0.007334783217409413 0.07643511069211965 0.004342006382917049 0.02716574057379147 0.004038558364868678 0.00228219900546399 -0.04530988861084479 -0.04589935397953297 -0.0398367161970603 -0.04949423575706102 -0.04947042882025078 0.04307532351065087 -0.02133450515099633 0.03015150618709184 -0.001703999360488634 0.05753872536728401 0.04921347581513079 -0.03806003938485018 0.01811377310166546 -0.004779662327669659 -0.003316751826654754 -0.002206052867141968 0.01468292761622316 0.05436232200386958 -0.01487689477582255 -0.03466249327224111 -0.007250438568685824 0.02551968659909878
 -0.2691825396825398 -0.2023884371915578 0.03116325711972796 -0.07427321715702803 -0.0119238384790623 -0.1319900554797375 -0.04266993967173571 -0.04508463953534694 0.002885648094266269 -0.02026257707360561 0.01195877537912615 -0.09895512331449809 0.04777246190380974 0.02911374074926186 0.065762238281591 -0.005356791691850336 -0.07517371230931041 0.0225010115417301 0.09254911791371623 -0.03565800643326042 -0.02212207616800076 -0.06621556858278738 -0.01550963074706707 -0.07358841607750582 0.04769948768993931 -0.04998073616900602 -0.03140387868405237 -0.05200904508170467 -0.02752481685675472 0.07714793673379026 0.03648303055819617 0.02920620884071277 -0.01194288978345723 -0.001303660033368407 -0.0004969762582602102 0.04876761948684793 0.03627367576229224 -0.01980902462701166 0.06448746288535695 0.05203522209961137 0.02581255516043643
 -0.014 -0.1026765286791541 0.06429144075336418 -0.07763499407074181 0.1357165093741434 0.03256502440277268 -0.1080339129616918 -0.07191622417844684 0.04381875749009932 -5.070902011034592e-005 0.03347371976635269 -0.04014380891483688 0.07016201332132915 0.0485757356050906 0.06571982261753931 -0.06876926649828168 -0.07689606775982162 -0.1013765850701282 0.01652505119560086 -0.02240146570397627 -0.07862105623993595 -0.04010449935411684 -0.04767173167976912 -0.07627877457392419 0.002696710747151406 -0.009524540274620798 -0.005267472651578745 -0.01562335180382731 -0.04019810486535694 0.07865526000223055 0.003359763673660333 -0.005836607406199153 -0.01537820012462263 -0.06440675599791627 -0.04393323304512738 0.01475110696610888 0.09736849650609852 0.02385716087990747 -0.02340690633091276 0.04942562825480747 -0.007025715024054894
 -0.1053293650793651 -0.04730638167332039 0.1391961264050743 0.06070680796609752 -0.003140491644280039 -0.01869388678405424 0.08936300761595561 0.01969472412680359 0.01943326877828941 -0.02890102163347851 0.02627504315884331 -0.05493790149259737 -0.03803051651259936 0.02729604332719706 0.01434201639774372 -0.01186189039805764 -0.00286476437193541 0.06946126020681367 0.09732354231111848 0.01688603141524749 0.003706224397445361 0.01718878981850089 -0.0547476852284183 0.01342568809718744 0.05162078909814747 -0.06240253933320468 0.06808716502075371 -0.04476352322127534 0.02185219713933997 0.03835669457650475 -0.07633699127043873 -0.009227510088617219 0.01035866345212974 0.101285739269994 -0.03907907644577585 0.02767826931664554 -0.01245058057819141 -0.0474045840456305 0.01437876940073841 0.03125795102371116 -0.05137349235343226
 -0.3601190476190479 -0.1394578889313193 0.04217506304783565 -0.02306577764245726 0.002483039316971417 0.00726605797054319 -0.002716300168840918 -0.01282205517480466 -0.01028628260550859 -0.005409894311084844 0.01667330476065182 -0.0291191494768091 -0.00894663998783141 0.01411132232931298 0.02538764746954552 -0.1050687824929827 0.02411123297044558 0.0291444347467427 0.05993106101102316 -0.02145241953802419 -0.006551035840920874 -0.01616332920148681 -0.05296851487654469 0.001046028460950799 0.03431965265498389 -0.02753109422918627 -0.04655837724364673 -0.003267490532685532 -0.03315307992834153 -0.01959869569501124 -0.0156232491800203 -0.02900979119363885 -0.006828646715353045 0.0152606399362871 -0.03489870259282309 0.0003005795659765926 -0.009262003621033615 0.04359309801855247 0.001218244512635971 0.01561087084265194 0.02464718438650138
 -0.1448373015873015 -0.06934228184597169 0.1057626731240697 0.02167331884262004 -0.03328112832812131 -0.01679442975595104 -0.002276568008735921 -0.02202447078539313 0.02299351909562437 -0.02858697393008409 0.0465503246113225 -0.004790589339818322 -0.03503332558771164 0.01416538435356524 0.06658987367393993 0.005226774299011663 0.07976442760145973 0.01272130614402977 0.05859280722628025 -0.05305256582332133 0.01573957087639952 -0.0105959663322815 -0.05264401240990343 -0.04023661519123049 0.04812865577431332 0.01742923225285544 0.04163668312060723 -0.006287102466014478 0.04918062490325925 0.06022963130750296 -0.01806539474003683 0.004015544737957053 -0.05062682176236283 0.05066341140055536 -0.05190741519339759 0.01831196322891558 0.01287077412066769 -0.02647486921428636 0.009032372300141332 -0.02784186813474388 -0.04024816560677287
 -0.0002658730158730136 0.003021402120452204 -0.003285531496168337 0.01298668816812738 -0.02692084658852539 -2.761136028659524e-005 -0.01526825694851234 -0.0005731926952382151 -0.01407148872774372 -0.01083106348805792 0.01100238004594728 0.00471461797336858 0.007960221120548578 -0.006798149691466283 0.01312900812951666 0.006241525436132937 0.01237425202742726 0.002044632637871616 -0.003637988126731077 0.001349052209234911 -0.002245636125523415 0.001857893613904156 -0.009026477591870358 -3.289962973512074e-005 0.0008398559788938926 0.007804270446270467 -0.006189277804682791 -0.008162370622416894 0.01332405466021727 -0.002871473642448997 0.008898278229691739 -0.01203189083526676 -0.006791517245710408 0.003508983062340531 -0.01114088226439608 0.001176735689178775 -0.008434669446542706 -0.01007361611711967 -0.008905574758318597 0.002857675112888165 -0.003776070821762354
 0.01127380952380945 0.002112119411111836 0.02114513834965981 0.003467585820598347 -0.007687162585617456 -0.000786174774798675 -0.01361271748442696 -0.01120081021326512 -0.000852129182161859 -0.008027424796034971 0.013575484898479 0.006471964457700022 -0.001321765101210722 -0.004197351744665191 0.001926029307823714 -0.008244708078836647 -0.001992060033957051 0.01574472725099883 -0.0006213376482525376 0.008960466581164346 -0.005747279872688288 -0.003318792825944766 -0.007615599219008109 -0.0008943031136415396 -0.005196029663982103 -0.007582870174938829 -0.002918007363891678 0.003081319317575841 -0.003649351127177231 -0.004511401754844061 -0.002455961130737882 0.006004387963003828 -0.0136778148615478 -0.007530337983893867 -0.00331067265298104 0.00488066403838475 -0.001406491066698499 -2.042358441187273e-005 -0.004142516287667739 0.007324307437616676 0.005938523444914211
 -0.003230158730158732 0.003768630145169076 0.001563515214246838 0.01263761038540863 -0.01243203426975783 -0.01071407168084787 -0.01916235936169115 -0.005308194137036443 0.00457261070330453 -0.007651813362234287 0.007667931943273362 0.003121178193957066 0.008567197724950114 -0.010393995305655 0.004774520724797995 0.007852128076672871 -0.007489996761749334 -0.001270084552893473 -0.001828078324019932 -0.004685020463806712 -0.009046817150266933 -0.007641969075395736 0.006009602328090625 -0.003227026213096868 -0.00205953141821671 0.004038136823795247 -0.009009379016594104 0.002930213183326923 -0.009610033401318665 0.01075137317364997 -0.0138486839368079 -0.0004473353449533479 -0.004837576862177725 -0.004935619282948417 0.006179483237166499 0.004719099726045284 -0.002962649644401202 -0.01084658764103166 0.001948813265100611 -0.005945561329440183 0.01063776054921257
 0.02861904761904757 -0.001038876843857758 0.01072896683208993 -0.00461720886275623 0.006071506328403496 -0.003661099506777611 -0.02457723531183099 0.004436691643218811 0.01493158175073671 -0.005489300597514065 0.01125371878601215 0.009742819766396127 0.01333815715178634 -0.01036967382367648 0.004463321949770862 -0.01638146259519955 -0.01128207296568203 -0.01727428659306806 -0.009986617792881666 -0.005112049646865237 -0.01743268221636201 -0.01264450065422704 -0.005158279121261706 -0.01464959937437478 -0.004360368397268392 -0.004189524566024957 -0.007874404059226302 -0.001098459486706411 -0.008492962342001982 0.007047523913957935 -0.01356925843544918 -0.01743572153420705 -0.01546736360653751 -0.003341660585842763 0.001239875921940869 -0.005434615893644104 -0.008242516926583641 -0.007548906988301532 0.01164212155039335 0.008338515398498324 -0.005741728102355179
 0.04563888888888894 0.01573197737957594 0.03248606357976174 0.0103991871775815 -0.02739207624480331 -0.009802108230033826 0.002526461684150504 -0.0004946723608697432 -0.01048208994495698 -0.01456694113649745 0.006974369137712252 0.005005150873030176 -0.009097163071470103 -0.004627852247992609 0.0129209684241677 -0.01340081416683831 0.01310781679649183 0.02092733473487622 0.02156979692940043 0.00241374012081598 0.001253937120968723 0.001614085585589254 -0.01299436243072666 -0.003459392278664791 -0.01126549372585554 0.01259890343416868 -0.002251996310013526 0.01215216170837299 0.007877128257380784 0.006985695322411211 0.001182164077288165 0.02388920285278873 -0.01287975115833355 -0.0007110662536978892 -0.01944010993943111 -0.001327333401243035 -0.008893183114641287 -0.0135683232791634 0.003052976946641959 -0.00107677234621544 -0.0006077264223085666
 -0.008380952380952333 0.01460775038179296 0.005812162761038624 0.01187392880400011 -0.0162087851347322 0.01184569466022553 -0.01299217367454347 -0.011263959945184 0.01167885036840722 -0.009276017484098266 0.01556408666253689 -0.007311927721780872 0.01206562208534986 -0.01304583904760254 -0.001343867946977107 -8.526388728753199e-005 -0.004776321106325726 -0.003754296203941305 -0.00314799305451969 -0.006434294437466878 -0.002684895392131937 -0.003529528197620132 0.001371343790904708 -0.003231422613956805 0.004441182860299252 -0.002961454559890035 -0.00482685990548057 -0.0003289652676573837 0.005826076927231522 -0.001536244976804821 -0.01580961501786221 -0.001575455616299364 -0.00926185240565057 0.00861446274353986 0.003656667290632581 0.004112133761129127 0.002353494923932405 -0.003572448876152498 0.004995486543511155 -0.0009176909054966715 -0.001552236391869137
 0.0141468253968254 0.003625219908976796 0.02188763256855418 0.01237589121768351 -0.02425835005478379 -0.007695842535294306 -0.008236524449247632 -0.01384874496281938 0.001426482846241623 -0.01152687868702733 0.01567047336850931 0.004872264805699814 -0.009375510507541308 -0.001728568618727575 0.004764641174657525 -0.008851519359039097 0.01536603003442319 0.008549910511241257 0.008556680570083398 -0.006458120194249446 -0.01089264145162364 0.003010501814604127 -0.01751458352090014 -0.003544284400314151 -0.01175270115921975 -0.002180801185968043 -0.005354728347253169 0.004874639541178023 0.001291020909933889 -0.005083903123646389 -0.001488122204949619 0.007885714220373326 -0.02741664120397518 -0.004871764158745174 -0.005560234197541891 -0.005180755816264954 -0.01821339069665984 -0.003880208913426424 -0.003475667877487137 -0.01585639942004348 -0.006396261528138509
 0.1701190476190477 0.04162216123081301 0.09917682316444515 -0.03871672135806824 0.07433707807567132 0.02744484217204133 -0.04242789043158347 -0.03438314572522735 0.01882837946518234 -0.04035293670232867 0.04935710227101225 0.01865857540036463 0.02169951801947882 0.00593567739206278 -0.00588863333865615 -0.01211811332899948 -0.02166310549386648 0.04091510861838429 -0.0124815985398057 -0.04981702655452608 -0.01796669781108867 -0.03074393071949738 -0.05749291725557552 -0.0365153278197064 0.0062253380083274 0.0007273887670802299 -0.05489549045562526 0.01422047990234409 0.02667074794630439 -0.01380607019821742 -0.038269540410774 -0.003505205004579554 -0.03715002121374802 -0.05921552859403909 0.007964391229894782 -0.01737608396487373 -0.01108888916987351 -0.01895111483051398 -0.008379514629926798 -0.01068563165844079 0.01723066982291847
 -0.001615079365079357 -0.02023492343353928 0.005212782367360976 -0.004673907295771829 -0.001102545249891313 -0.01542800155066483 -0.008903655817064909 -0.003960576918452309 0.02289639423109789 -0.002953578803139799 -0.001509854200521796 -7.05568664739341e-005 0.006739479926797697 -0.009503380787211883 0.006739646178727529 0.004613830716743974 -0.02447952372815193 -0.01234227993544234 0.009013033428842169 -0.003433876694522657 -0.0196215124365789 -0.004528236784365829 0.008920366299756548 -0.01466742209665263 -0.0006328080354288028 -0.01287553987564653 -0.004453181663939669 -0.005190245889122011 -0.000406871281563235 0.01468680614084669 -0.005834381824571199 -0.01043730416570819 -0.01843194931055766 -0.003813663506906647 0.001746886413711724 0.01274180111763703 0.01153180083611442 0.002217590463459165 0.0127570121246416 0.006350261194508185 0.002850198205244965
 0.2200555555555556 -0.02138679975095821 0.01071298198160526 -0.07765901750483896 0.1516797309092768 -0.01194939481322058 -0.0994214198262279 -0.05089046069121066 0.1349004301325106 -0.02741499837695608 -0.01806737698904411 0.0120932071783677 0.04874348004201946 0.01233866798595266 0.03505149408571077 -0.06587739450459834 -0.05983811834784303 -0.08729792337930564 0.03612848500365295 -0.04515029320431423 -0.08848577000978343 -0.03984968080559303 -0.01094719483825151 -0.08739613910442504 -0.01114608527859695 -0.02361502700633345 -0.04408525180358276 -0.03823635045787231 -0.03979597652243613 0.05180789313234404 -0.04293987171011229 -0.03395026823033751 -0.05811002245948092 -0.06217385724531662 -0.007640350643256262 0.0005365648470958657 0.01887059861308834 0.03438007903753965 0.0518553017568773 0.04233416706523179 -0.07434338898260605
 0.02386507936507937 0.01128230301104599 0.02441321119414602 -0.007583735924966173 0.008323212100012783 -0.00959955378152653 0.005819110810312078 0.01090295826193205 -0.0003790507179177744 -0.01042664876496771 0.008571682889956559 0.008248947138031773 -0.008594650391662156 0.001527431923461248 0.007746339029446655 -0.01634472136099268 -0.00159759332184734 -0.000217965228655249 0.003606412188700872 -0.001764393738857898 -0.0119678785413236 0.003549955479633433 -0.008114489528880152 -0.002490858604846161 -0.006109605656796285 -0.01006498759578463 -0.01310327608290258 0.002433244679788386 -0.004949891132474508 0.007969090961056424 -0.006716294336762697 0.01082184296244598 -0.001250296834646432 0.004918116135043785 -0.006382801016153907 -0.005554324379005972 0.00308542638739877 -0.008108475064886017 0.01042567353236199 0.003684063430731391 -0.005664488845468225
 -0.00428174603174605 0.0004560055564527493 0.005455521800195475 -0.007975215926679356 0.003553660118396212 0.004954435112406581 0.004619469283431845 -0.001287278156738604 0.02085589104552918 -0.01050020402633686 0.004541324752563494 0.00280216176718023 0.00327328081184465 -0.01277258896232347 -0.007449676493650578 -0.01036408425788218 -0.00586501813180586 -8.872514461471804e-005 -0.004806213988272442 -0.01176683434906504 -0.001660314892258457 -0.005315388284586433 0.007275121567553629 -0.01569249142096002 -0.0007791486128056555 0.003616105718109201 -0.00296242955583216 0.002002351846858495 0.00688705461286674 -0.00101392190360661 -0.006805258787134527 0.005531212418683921 -0.01063584991268753 0.01071079750852897 0.00651271056514178 -0.004146725003865717 -0.0004516252568699354 0.007657104688168533 0.01008956835083361 -0.007116834145855095 0.002409187849601565
 0.01361111111111112 0.0001790885696895533 0.02751187346285648 -0.008634839693124284 0.0009703558200465413 -0.00839621680858775 -0.000414453244557691 -0.007366761579870266 0.005255621944830506 -0.007762775553265021 0.005367943186796426 0.004768127782529591 -0.002705659304876571 -0.001264148444229206 0.002289253393650771 -0.008013657969384214 -0.003129895018060326 0.006825071749787794 -0.002948633645256186 -0.01681430185295133 -0.001503202391616563 -0.003858369504933144 -0.01643791281590207 -0.01580085834063715 0.003468213293165192 -0.01035372408535013 -0.008083301967631023 -0.005155045104648316 -0.001899945379330517 -0.006569931171699271 -0.007565806527342686 0.002453985409779759 -0.01265263414986427 0.003365561925523974 -0.003852943015812297 -0.0006028994270893542 -0.000360860419829616 0.003213452790280173 0.001611925190708524 -0.005980253779024174 -0.009317609696585311
 -0.04449206349206344 -0.04027972929474766 -0.05210483246236117 0.01504220415967472 -0.04777270966989444 -0.04136755292853803 0.0007522083578328102 -0.005344723993995796 0.0106025714194676 -0.008395197957237808 -0.0182397629810753 -0.005264305269329203 -0.01668308251883907 -0.01214056136110026 -0.02698293183034446 0.01989042437568479 -0.02934364653192902 -0.03086463810024923 0.01638415822192686 -0.01661279053523992 0.008091872917885429 -0.01312210515122177 0.04805655111729022 -0.01876887453500586 -0.01003692496237308 -0.003737475061733473 0.009275646437308839 -0.004665470499552112 -0.007355647321167651 0.0231414086792379 -0.01672809214285477 0.009554135816008311 0.01289276609750661 0.02590257582440141 0.01214652512163103 0.01353810701467244 0.005849052528642045 -0.01359476284154224 0.03216655492266378 0.01355617564850918 0.01877998524374844
 0.07333730158730158 -0.0119858400598982 -0.06151070391453495 -0.03045804820087178 0.06922506457368241 0.02385616128353962 -0.04284165740620313 0.02586051540131202 0.009129659374062264 0.0232091541361119 -0.007168399039547278 0.02617624136192826 0.02251498795689328 -0.01220005726174251 0.009458238293602856 -0.009351622000346218 -0.01927086165193031 -0.06154145015089479 -0.01859044076659718 -0.02999880293084051 -0.01596950278736975 0.004204909577675346 -0.01929517964009481 0.003590969295619353 -0.00084101013983746 0.011488418760426 -0.01682522958258783 0.01081247211225459 -0.03368170776123827 0.001456014630098211 -0.0005072693041233179 -0.04254744988069935 -0.01647122269322613 -0.01919038803191163 -0.03303979334416728 -0.008514437725770336 0.01924606578469779 -0.01796756334157693 0.01155988188071423 0.006579075183901212 -0.05542229564031191
 0.01756349206349207 0.002978363458937508 0.002735992720773845 0.00787603325107772 -0.0293395042135036 -0.04442786279419472 0.02384686700025883 0.0381685293776152 -0.03672295435690354 0.002920580442501784 -0.003140561828982952 0.004436305776375171 -0.02360173152748802 -0.0002988880270957693 0.01446359874855562 -0.001797544096991729 0.04331992408246402 0.02403421189369681 0.03676636766892101 -0.0006693490893952269 0.01410191595474817 0.01363843990728385 -0.007499275033404972 0.004103761346214117 -0.006482955948161603 -0.003212037390758801 0.0001236038432969471 0.004644538800228338 0.01242291117884141 -0.003669950028934505 -0.01669260257245294 0.00250175696096029 0.01548327140856025 0.0299772700921564 -0.01390900600506088 0.02195018694684418 -0.0002784750909968955 -0.03141964098963784 0.007560267348293555 0.02018821545464309 -0.02888786503366061
 -0.2264999999999999 -0.06423284656267152 -0.1338587694287603 0.05119227650210931 -0.06127743337222589 -0.04406047424945592 0.06179006069373912 0.06711514316371792 0.04124323621329047 0.03881715089915581 -0.05079526956732346 -0.01144322530268061 -0.02008147434712035 -0.01539493986767479 -0.06214624443150775 -0.02080242213333766 -0.05631959166127783 -0.09666394872960789 -0.03459818192288427 0.0005838225175463494 0.05057116906123858 0.04736219648954235 0.07083213087964091 0.03272512490146422 0.01766172371808922 -0.0374311870970385 0.01913350118045039 -0.04438242720555892 -0.02348463373485996 0.001615083685803166 -0.006078990261068989 -0.03966174107998426 0.00817345788014332 0.05554171471468914 -0.01191733936381062 -0.002981474569601403 -0.01062870354354712 0.006596978657337885 0.04297574671939625 0.04736836292698786 -0.01276515087859747
 -0.03828968253968261 -0.001728914900380272 -0.004839897602164816 0.01172843563292057 -0.03512343046745631 -0.007673318279279906 0.01412767550776852 0.01211222431004494 -0.0007899349910804246 0.001461496279716029 -0.01396616896703115 -0.0106050951561159 -0.02372079944227718 -0.001794638075634559 -0.005845401888978677 0.002153461672506261 0.02147272956099457 -0.006568876081298307 0.01365089827810888 -5.356025395699456e-005 0.005809805355562133 0.01657238030644113 0.004271903241117488 0.008938006056342178 -0.01257445541978843 0.006941291434367404 0.0134657022591421 0.005349491074674937 0.007105131214202306 -0.003793085991479432 0.000556540139244192 0.006997385739481937 0.00121628919176312 0.01971516217846759 0.004009294928772462 0.003823960615270144 -0.01704881012794348 -0.008150784996383329 0.002398793949746539 -0.001832452136434864 -0.003866277859187201
 0.07892063492063457 0.001548235332729263 0.003941075988417459 -0.02743895141739976 0.04077741954578089 0.004443118300342413 -0.02572696816187131 -0.003700909978744127 0.008971606157025361 -0.003784195367220934 0.001706128764712127 -0.005283412464291815 0.003307996551794755 0.005593054738474101 -0.006254357583430506 -0.02129234529905441 -0.00181155095340316 -0.01387928809337347 -0.001398477892738942 0.006961425569701423 -0.004989964095172004 -0.02209987872956845 -0.0005531383627832238 -0.01675100142552283 0.007339910488103794 -0.002798618982581074 -0.004192484640690232 0.006340787270335979 -0.006110548106530575 0.01023215859361347 0.01116412695203641 -0.01203158079068929 -0.000740167986420152 -0.01233839721248925 -0.01407984648296914 0.005184170055757428 0.008034516987708896 0.00534818469191849 0.003062583109159562 0.005616928454813385 -0.02661981429478236
 0.08843253968253972 0.05377593659401932 0.1080951245107413 -0.006498334481649503 0.01995873402787474 -0.01439514872605031 0.05799167273385342 0.0657343718770039 -0.03208994719347507 0.008759940367957759 0.01635988044823122 0.02003523808460983 -0.02747175410864534 0.01895557900511135 0.0611038972515007 -0.0549248333497339 0.05933435349034226 0.05060729597636403 -0.02179247148367456 0.02371060613334461 0.03329913953877967 0.03589176985083142 -0.07194481704888261 0.0262694997633297 0.03700943064212291 -0.01851238169022033 -0.03134045511890897 -0.005764961747752413 0.03303187773873609 0.03106443862251279 0.02521132070321193 0.001666194086821665 0.01424868698112211 0.01376815868604998 -0.06003673720674448 -0.06390474892264293 -0.03743116350934748 -0.02545726011021978 -0.04203247994779327 -0.0131034944708937 -0.05540337706904894
 -0.008071428571428507 0.01756111691248564 0.003909707157444602 0.002962787536273156 -0.003507466381893059 0.02269558473521727 0.02667987583903799 0.004500074642962541 0.006417849341523927 0.004101388040878902 -0.0001411620088543076 -0.005489535781671887 -0.003791909095773404 -0.01135032991111274 -0.004761584327810824 -0.01912380809721597 0.01165782094951706 0.006330050346068331 -0.004533710475147128 -0.005860897310844578 0.003429161537363078 0.01133653254114504 0.002959842704812881 0.004269845505678933 0.007155370508491741 -0.004219979388207018 0.006019515357826718 -0.007159065718541306 9.14298173635878e-005 -0.008057566001856805 0.01018551041396567 0.003933997783466568 -0.01000261296538828 0.006159300222884587 -0.00482545766788361 -0.01239663297266712 -0.00470422441563064 0.007741381915022955 0.007352954077838856 0.003972990996493252 -0.004659479400696136
 -0.0005674603174603016 0.009833426003438867 0.02196268513977296 0.002500959037392243 0.006953837880287251 0.01330481136378575 0.01302591636632897 0.007206337824494213 -0.006402605364522924 0.00360434830096289 -0.007161275584377838 0.005465377562161924 -0.003534378021691561 0.009127712956544087 0.01208520039776586 -0.02578315992036681 0.01620645049478974 0.01865875448861713 -0.007382048407682813 -0.007909938111196708 0.0136915428761719 0.01278311335749783 -0.01883205691334992 0.001646587302802932 0.005650145047482779 -0.001828035986583495 -0.004393342819497031 -0.006196797969865455 0.0099344787702153 -0.008362590734793496 0.009136262165579008 0.005901531906729846 -0.01432336130867788 -0.005519440218825109 -0.01028786655845101 -0.004913773193794014 -0.001329398434562096 0.001374501840478334 -0.00407620105416249 -0.005117055950939889 -0.01569997245182478
 -0.08986111111111111 0.05504894851232598 0.07096251433956534 0.0957063747017572 -0.1374677153779118 -0.04146837786386243 0.0918468799932393 0.03412391918147537 -0.06655322101633347 -0.06775074290977123 0.06407362528450182 -0.03939641326814354 -0.07030410038615954 0.006106590942253725 0.05161923694696015 -0.005081114397668333 0.08389396966614647 0.1192357514862509 0.03652017560116535 -0.006457093988518483 0.02846531459720601 0.07103052080554315 -0.01408051302394269 -0.01224973443079132 0.02130390907788855 -0.03567696531007877 -0.000645910285643602 0.0486307061511677 0.005403033359714184 -0.02375573560517936 -0.04084305773355353 0.02713723851449273 0.00855978029443105 0.03663335192563821 -0.03722784289031258 0.001152963894693407 -0.05024661191178085 -0.09826400585156427 -0.03091345311672439 -0.01650372566337984 0.06237278797349607
 -0.1530873015873013 0.01860928097800172 0.01452624276058734 0.05032988619885348 -0.09350499231187467 0.01155336598503961 0.0586488632892824 0.006994822819476961 -0.01963163008573239 -0.00306183587840949 0.005184794702972654 -0.02453292141445141 -0.03514582100718466 -0.03870509837488179 -0.001929540779699665 0.009462548825332141 0.00100848239490877 0.01049513685036252 0.01007530283688077 -0.008152612800537709 0.02323948251029949 0.04008667084161482 0.008090821009248147 0.03770880604914449 0.0134693700811057 -0.03344088157473585 -0.01044336149616077 -0.01699952249301954 0.02317973155693557 -0.02880765410643039 -0.01646469979595684 0.02291516554238065 -0.007489665570818573 0.03604875758063551 0.02861303060411163 -0.004423682880921747 -0.05640202162187072 -0.01659726886898968 -3.206940370311339e-005 -0.0008204052163490994 0.01548798632266228
 -0.1779761904761905 0.001196161068990735 0.06629153672188079 0.08918913659829161 -0.1583725305401196 -0.04139752609559083 0.08143013626825384 0.008165286654739342 -0.03796205276520977 -0.01739068338085359 0.002847881878013963 -0.04924780038667594 -0.05447013499113788 0.03902233252087133 0.05330543967105417 -0.03341308895261887 0.08139367967503158 0.1038308142806418 0.01622292862945788 -0.002312897484101122 0.03770054626882269 0.03370073106371051 -0.05219366281044947 0.02047118774255073 -0.02246579320495088 -0.03417300067033623 0.03329744268823275 0.03154557989859788 0.05043010451076222 -0.04074603517435377 -0.00316488360961732 0.05250350123132796 -0.06263035815728861 0.06193385940933991 0.02513145406095446 0.007657968701320376 -0.03325154512027736 -0.05744579020837799 -0.09094581046951938 -0.03841816369823087 0.04193401811242502
 -0.09935317460317476 -0.03843256596008367 -0.0634923275889928 -0.0003621069758568872 -0.01164722384302628 0.0310205054015601 -0.02189962268781223 -0.02077727867529122 0.04150485001840754 0.01480049271170729 -0.004187959556391847 -0.01921820396601271 0.01481204140693241 -0.009478236623772023 -0.03907327826923502 0.006340586010512569 -0.0557408196062946 -0.04112900572570072 -0.04265684551002863 -0.0246454068292992 -0.002476955129927753 -0.007566876161720673 0.02872813877802475 -0.01919505430547049 0.009646713467436849 -0.01421465666560577 -0.01357864701734021 -0.007817495156593419 -0.009908068228440018 -0.01418234267915182 -0.00119656280923604 -0.025960112483747 -0.008951660707128183 -0.006445485565139942 0.04267103048861056 -0.0001397536755691757 0.008425867527943436 0.02640251804792638 0.009788587136790485 -0.0009424696143739745 -0.008055797788595758
 -0.02362301587301595 -0.002893598740276348 -0.0009395700885626834 -0.0009910337694142644 0.004791929724353135 0.02177114140223272 -0.009607560909011915 -0.01570241863609994 0.02294902283589273 -0.008174573022574868 -0.006131271531851286 -0.005308119580754913 0.00452587638555389 0.008235965665972782 -0.005553933309097907 -0.003556995970602629 -0.002293333763300747 -0.0018195813080812 -0.003903223663227123 -0.01699595132315731 0.006872506109518858 0.0009448818746794784 0.002197207762634645 -0.01462274309151834 -0.01047688639401335 0.001123088983395644 0.01557849535151452 -3.129138982148609e-005 0.01211459262161299 -0.00543012894551338 0.001453620014553698 0.003159471382866638 -0.007356128024694611 -0.01156732683936679 0.005188731155118797 -0.008167249625348162 0.00340433102668946 0.002911388358942891 -0.004839320421985536 -0.01683507094373828 0.001899525032012969
 0.01071031746031757 0.0008914825173126375 0.02497138356238576 -0.002984836229027214 -0.002623393996337753 -0.003146320718815053 -0.005563831153008567 -0.002479860733771576 -0.012065669850843 -0.00639913738181818 0.01132263325964868 0.008873028423128036 -0.001709953161266692 0.01435435170821969 0.01733614571317971 0.002181976249390789 0.0118330352875004 0.01320681299306044 0.002434925317533662 5.498925640488764e-005 -0.0007938004641177043 0.0003970085732907383 -0.02361971955532366 -0.008229246132505521 0.0002666874924174229 -0.0001965129236804928 0.001308077819464102 0.007412151046453458 0.007554418754483803 -0.0002500124632759601 -0.006267005412075618 0.007516105939413206 -0.004450730690606564 -0.006541245726824972 -0.01265813220086718 0.00334375345050762 -0.009802417566559354 -0.001490974243601984 -0.005361850516505467 -0.01145219144726507 -0.01155718231200706


