# Created by Octave 3.6.1, Sat Jun 09 23:14:52 2012 Œrodkowoeuropejski czas letni <unknown@Adrian-Komputer>
# name: ann2
# type: cell
# rows: 1
# columns: 3
# name: <cell-element>
# type: matrix
# rows: 0
# columns: 0



# name: <cell-element>
# type: matrix
# rows: 20
# columns: 41
 -1.665760057395879 0.01506883398441007 0.9925620976244912 -0.254015499582478 -0.0994998553718275 -0.3601320350548226 -0.7647248939220213 -1.041585616439343 1.418176131065122 -1.202267792358498 0.286141880994035 0.3138016529071254 0.6465434251207824 -1.168753011424267 0.8624825161202239 -0.6476936798810039 -0.602651919163241 0.1180845696284377 -1.552234602394407 -0.60819612415932 -0.9799046788211211 -0.4211040803705853 -0.09110506375179332 -1.286926617005429 0.2369559065763743 -0.1495890622017663 0.2588830568154189 0.2448578468356113 -0.2804405394870594 -0.2563785728257424 -0.8540569937825832 -0.7181561863838954 -1.340821940901096 -0.2723310400322004 0.1292816190713419 -0.4489642982753624 -0.05118099563958804 -0.2621878730670668 -0.1429210735348444 0.07558966338680335 0.3240685882419058
 -1.159476436630117 -1.242012994337634 0.3583760160042905 0.9654311398332709 -0.2848665162052267 -0.2198538506530603 -0.7385339967782397 -0.2292195913419925 -0.6494034266752331 0.2385192609325789 0.4013933599305409 0.2140923303540917 0.2511302587597199 0.182539171272339 0.4303699157642333 -0.5719246969865758 0.6879535543478232 -0.05774301315916548 0.003718247451544747 -0.2236912275101201 -0.5988509930476317 -0.4618983698963701 -1.034019232568449 0.03255310773119861 0.2537542188103153 -0.3981607534381704 0.2911574384175093 -0.8327109881020907 0.1762733550713553 0.1827805774401391 0.1861335951419181 -0.4480777615223976 0.2276968199694868 -0.1701862712922034 -0.5095819587077427 0.2000444270538661 -0.17759013214385 0.06862400226234856 -0.06788410549508653 0.1378316461804499 0.01136666863202501
 -2.159044477868027 -0.9225271995248945 -2.325773064714764 0.230045434562871 -0.4939276161140463 -0.3116271304098987 -0.1188879259311944 0.4177307171227391 0.5288156283975205 0.1966175117822324 -0.4912109789135808 -0.1439333255943263 0.230020649859729 -0.4580266091708261 -1.026966847368825 0.1562260361763579 -1.328190500015664 -1.1559687769057 -0.3937942657352781 -0.1362449974472367 0.07950225342936736 0.3040514896395866 0.6068811415023999 0.7522971470834983 -0.3622097240525576 0.1742576821117335 0.06310424845995245 -0.2814517311133487 -0.2828512706588606 0.1643469903651759 -0.1003966562209892 -0.4693828531648631 -0.1345713651123574 0.4587865958236501 0.747872929430302 0.2517187973607943 -0.2529195783294965 0.003554705618788824 0.1634702407284855 0.4343252007451545 0.2296210001353391
 -0.01344553147070602 0.3618599778251598 -0.3856279009256444 0.05385582878403807 -1.12061126205016 0.3938363821575123 -0.4893301698876629 -0.7965846500298365 0.3138401492071633 -0.4758526745317882 -0.7858978841272555 -1.206463839671329 -0.07742260680237213 -0.09431241007235053 -1.129528120496453 -0.05766275524254539 0.3802765473217565 -0.1158748098375263 0.1411642911889186 -0.9146679998039189 0.5817649636689128 -0.1098287500498284 0.5720450158907003 -0.5319370737777394 -1.123892050460493 0.6319533524513393 0.716789997995307 0.2787504604631909 0.05681546054826353 -0.6216771009450519 -0.3466141892991891 0.2258046867580368 -0.5408162358405215 0.006422291889201725 -0.3838846900580616 0.08059531697385022 -0.1812376575848927 -0.04394587646228062 -0.1341796732032556 -0.2702665154238214 0.2909731286398672
 1.673472819814873 -1.11918083766607 -0.6986779700755972 0.5969016858239191 -0.8410310454040294 -1.556327261360337 0.03580888501903064 0.5671170348493082 0.02129515468128327 1.116091466848272 -0.4225921513008857 0.5630359903632373 -0.6965297686994093 0.7710073772166031 0.04793415063221158 0.3333489161143617 -0.6050152351641128 -1.166160942895365 0.01626500466837904 0.7403878982705306 0.4777712351288447 0.4944920989085941 -0.1626407869001158 0.9504173762052167 -0.3275187307622501 -0.153245453656228 -0.004400025547406144 -0.2976040674360501 -1.072230777657555 -0.1422881859342579 -5.264888520339677e-005 -0.2483669280231159 0.09140477942491719 0.7201347587180144 0.2115019045791685 0.6056478669070871 -0.5054410452140765 -0.0944806326430144 -0.2765809201869439 -0.2204970957914813 0.6127676124226167
 1.947038782457265 -0.1900679619484383 -0.214505817371623 -0.5987203015148519 -1.017921822894525 -1.001431004194538 0.1889189971178034 -0.7466921296907076 0.2515109520165703 -0.8144004456936454 -0.6083505174941414 0.2537908887115598 -0.2697227767325344 -0.7292767447612927 -0.9472889218691549 0.3075688859330064 -0.2226918336917874 -0.5984013457959687 0.4695954142984428 -0.1540682708160901 0.08818897184979156 -0.1276448284261458 0.2369300319121981 -0.7261446010119972 -0.03215428703517952 0.1061583167874248 -0.3032950178275012 0.3119417874026949 -0.02434475203219516 0.146816665787929 -0.294741237628634 0.001726960812700279 -0.4739142909308294 -0.03818382894550146 0.362411401963114 0.4324712761660346 -0.3683029537493263 -0.2257244911287961 0.2940430431596834 0.07610281887053091 0.02044857765019786
 0.9113843608189761 0.1793529752283225 0.3407727394104694 -0.2349265611896184 0.7045342209119269 -0.2384334271259441 -1.293620906029759 -1.153587115270863 0.3071837310725869 -0.9931633401489353 0.7810018150172401 0.2317318733722887 0.7187063922811013 -0.3940352868653801 0.3497931675291479 0.2997457988742234 -0.6456287219473119 -0.02613438225460711 0.2308743601398081 0.4612068079310644 -0.6121080607651123 -0.6406038833784561 -0.6806743320549049 -0.5342588971221652 -0.6356335358510682 0.04938206564961308 -0.003102030241310121 0.6698544476120669 -0.2967388008580641 0.5839570986760159 -0.3587488199425835 -0.07954711997205036 0.2283237948185623 -0.6494236224641869 -0.06537421238253231 0.07600579173376705 -0.2490564569841216 -0.3052987541931639 -0.2496639541595456 0.07733050091898649 -0.1636482467400397
 -2.882319266763353 -0.4372037526916674 1.026932252705404 -0.5804947391973262 0.8540136863692119 0.2461587297169839 0.502458155889887 -0.202883823872091 0.2623916785444227 -0.3413756909645443 -0.7412805175010846 -0.2584135070659581 -0.01767159865596521 0.007866031463134433 -0.7861829191590387 -0.4890241987571186 -0.146024843321041 0.4759480579414463 0.6086452745915272 0.1484909975295974 -0.04036770438494236 -0.0400426520216502 -0.01654394605271657 -0.5287040336902318 -0.5215974427200705 0.2000343820789645 0.1507958063457612 0.006019923642863407 -0.4410127757274885 0.2879996093098831 0.07349901600881734 0.5688614228928188 -0.3722951558164166 -0.02242403581246124 0.221238655603404 -0.09764704012815001 0.2066771467669155 0.3811241089459063 0.4997956914807993 -0.01587303002339831 -0.04960279046943172
 0.4492749304815149 0.5490741205430408 -1.954275365100997 -0.2046943254834767 1.275787779643216 1.170808809098711 -0.4124004223698125 0.558101579912324 -0.217915191727379 1.006924548681774 -0.4459825618356973 -0.3671247112852377 0.3297489490321898 -0.09951717571806909 0.8299650603524905 0.2948224855198238 0.6444335193054682 -0.4257387866114898 -0.367918309545224 -0.01372112589765401 -0.1338411226097597 0.4083742911640881 -0.04559152275244751 0.4609874380013951 0.4372221170758037 0.5028829240317408 -0.2441904947023073 -0.02401512609782258 0.2115334097310393 -0.5144798120599289 0.8485278716688137 -0.8270102342743967 0.9002739841122502 -0.656851187407574 -0.3218128997201342 -0.07399067108830597 0.2053691636911784 -0.01751039968612507 0.4534189285132494 0.3821564257240981 -0.1941579115051666
 3.193290159125796 0.4738657136219155 0.3895949452496439 0.4168187539096603 0.03106274915477114 -0.26243740980428 0.02178190600815632 0.2317355175090185 0.07326574673232772 0.257440817416363 0.1115371182357412 0.2509208248296417 -0.249175568526517 -0.03445499532142474 0.5449433680505563 -0.2709716464674778 -0.6935025114126773 -0.1684488616449608 -0.0952982915909298 -0.1119216836521739 0.05312479146341695 -0.5744966946673264 -0.6210177644974205 0.4843307624627793 0.12092719543493 -0.1409611564896024 0.1807296891233016 -0.1341580430905491 -0.4764157763613681 0.3516437229570408 -0.1318757528544987 0.207165606535347 0.2586734831659249 -0.05902204550931103 -0.2800934239429329 0.05302556955857765 -0.08500200681056413 -0.1448981907081378 -0.06982907034629776 0.08627824972070688 -0.06729840651629607
 -3.103226146340175 1.317613224671411 0.3346758491181165 0.8296526650937444 -0.5676603338117092 0.5298373853169468 -0.2826391314189695 0.4428974741831649 0.4701864389277642 -0.3159404373692182 0.4537456113587682 -0.4637545714340857 0.3585602760254784 -1.084696853161711 0.5791190031130629 0.356003222489812 0.2346356398977465 0.5309140728967621 -0.5402379787412575 0.3629023143553529 -0.09515553681962091 0.2185031403762959 0.1133648619233716 0.4765316480529632 -0.2132867281079726 0.1291506364065563 -0.4770218688309011 -0.002473330626399332 -0.3681717403481892 -0.4475519323983742 -0.1031401078585445 -0.2728666403569913 -0.4760916055346998 0.3680431946301153 -0.09777802919633392 -0.2812261784764782 0.4278288061553431 -0.408266330028754 -0.1192192805343959 0.2334038972682705 -0.2717870971355085
 -0.5951234086904392 -0.103291687811118 -1.463376260467925 1.139180229144547 0.6478185447974969 0.6321413949163903 0.1538246266237571 1.29728949721439 0.4585704029056613 1.336147054764909 -0.1253601116648038 0.5649170104534464 -0.7330623473234331 -0.320919281448348 0.5861932399283231 -0.5679776177476783 0.4810836346853195 -0.2954805110949439 -0.2303414128079706 -0.2103829648254837 -0.1296342230375534 0.0934582809644567 -1.012199009272314 0.2639144543679113 -0.4026100150780593 -0.9117180655756784 0.1317578105293729 -0.07180476509715977 -0.5363220305267548 0.1018580862511116 -0.4806085941391385 0.3759267953302016 0.6580883959335442 -0.6490731052850868 -0.4583940806679215 -0.1336837397210281 -1.13430427302699 -0.5012804574835755 0.1618384327073182 0.2957096335517304 -0.1784575390019451
 -2.402392667191968 -0.7251096063783407 0.2752473282323795 1.392949424467647 -2.344799758335032 -0.5145473220125312 0.6977213498900965 0.1260727528910152 -0.02903104005934281 0.3624482857140037 0.3897393569473139 -0.5051428184848032 -0.7364287523612422 -0.4045181642715869 0.1436217533690718 0.06616002205381558 0.351742769916467 -0.1970087325574374 -0.01929914835791047 -0.08490324955190524 -0.5973812418458497 0.3685599392369613 0.07356140840101912 -0.1612899430389269 0.03347765215577348 -0.3293158744970006 -0.1461373995308654 -0.08177055467543484 -0.2682687862467755 -0.3769749253726975 0.08590050673465729 -0.3836389876805379 -0.3864258062468619 0.5000216351177884 -0.5953196501604702 -0.3555852785084401 -0.03672925959220247 0.02061838681490654 0.1326535197759365 -0.357244581563398 -0.04400412505589871
 -0.3114923886633894 -1.043023545536706 -0.5928774378511247 -0.396916381188645 0.8156499471250623 -0.1090505712299417 -1.321264719634467 -1.130209763631348 -0.1666449409941988 -0.1119715487475227 1.059204505557325 0.4368303419008813 1.357786427800251 -0.0492212649675548 0.005277634000346157 0.1222235227013026 -1.404352986806683 0.1202396292633128 -0.868554124617597 -0.375326688141599 -0.3606455544935589 -0.7935487335784931 -0.3776007443265172 -0.7903673553420546 0.2533817286363071 -0.5416607141648758 -0.3923343014279843 -0.8728962642352224 0.05072566249642483 0.4995922303231805 -0.6141058442007947 -0.03529077269936668 0.2586290340364537 -0.5776532281412817 -0.0136529607277102 -0.2616092495348549 0.1491257693399356 -0.2175015532257989 -0.07267604216964552 0.03620900534798686 0.2029044595376943
 1.265682381523114 0.2550903027722166 1.201049159151344 -0.7797777336345904 1.771988855302377 1.158384386588804 -0.9733506358440882 -1.027204418625885 0.2679631072332248 -0.40228634916624 0.4858428254940336 -0.0009236688053681674 1.140107304475989 0.9261844240353864 0.4165466976318161 -0.1647790572440261 -0.03492028356135279 -0.8844596687735607 -0.3793754398723733 -0.5016207639490718 0.4747668579521914 0.07868631423665326 -0.8320051436006255 -0.3647990057197265 0.1537032408932082 0.2553549736879943 0.2732819493295013 -0.3000420561524528 0.3592791212836757 -0.04646600260858104 0.4751699374582098 0.08553610500820079 -0.2747220888436956 -1.400277796430635 0.04014500036309357 -0.7559169932105786 0.5834450042243169 0.6128890969578126 0.0243956842314719 -0.5922111329221336 -0.4921782387415109
 1.560070400720012 1.380293178454711 0.5298596998269832 0.580589486044374 -1.195877852985147 0.2591938892504602 0.3477561346495524 -0.5740691043500443 -1.062823521888186 -0.5522720915660735 0.3164900694109868 -0.06302186320528561 0.2394059618953169 -0.09865725925630542 0.7138297029426747 -0.4674801481533261 0.4269300250598261 0.9284361180228399 -0.1571104125087834 -0.1326115973678416 0.6777609922029686 0.4802233417421455 0.05908731799558347 0.7737770319219299 0.02101246943933469 -0.005983228200133727 -0.3778717441708193 0.2080478201943826 0.1018463928495822 -0.1726229152822235 -0.258194282672887 -0.06736907741471614 -0.5351388416400188 -0.1569654747287147 -0.5956284724808717 -0.3608194322603801 -0.09091954246172278 -0.5956599519216936 -0.6547952132808429 -0.01054873321536257 -0.3590078010128393
 -0.01435242064260508 0.1265479341171543 -0.7492296816951756 0.9589154306020276 -0.1136999969531555 1.104602065423272 0.6924672300295265 -1.641321157978251 0.4192818219128215 1.122522946296578 0.296226163673294 -0.9763530486303387 0.8242862271520651 0.2981518733510977 -0.2181953107944834 -0.1043835159459646 -0.7811516850659382 1.149590330030184 -0.4399764938130469 0.1073898316616027 0.008881752728514644 -0.06567564019943371 0.07551256321928926 -0.2282819151157763 0.397411786392891 -0.3958507681047254 0.07526079095442843 -0.2866728942175502 -0.4030214737220125 -0.4076929867561862 0.02636667725036161 -0.09996632745182074 -0.143884558415468 -0.4944468199029909 0.580685436042537 0.05757289249638663 0.4038557768479155 0.9515219628945167 -0.3657550449104725 -0.3081014913093228 0.7802645806899406
 -2.304944160807042 0.5010413137977502 -0.3662009317805107 -0.6956147768710442 -0.6054812791349584 -0.3219457112412759 0.2774864989979856 -0.1086059858045464 -0.1716800545314689 -1.436908000998279 -0.2042877063999118 -0.3900895907058542 0.2876934643242665 -0.8485573588887544 -0.7457054319762987 0.1752170793788947 -0.02323534420314704 0.09705984243547022 0.03974247599288414 0.06902523431867713 0.8701160091285177 -0.1215164413468874 0.02395087326281488 -0.3909956884392815 -0.03429478593925536 0.6410507052696455 -0.1229931647457638 0.3249144068340343 0.033445624005268 -0.01909646507690963 -0.3296564165139935 0.505339659286023 -0.02559275114302251 0.2708422007396494 0.006799099248788757 0.1864272521057735 -0.07964529545307206 -0.2504764713063904 0.0379580635682823 0.3531049376652212 0.140563946404032
 2.337639300093513 0.003114895391845305 0.9682902569139694 0.09334138664979362 0.4664366598728524 -0.4378721397931408 -1.358134815678581 0.5668569282047581 0.07886629740592759 0.4852640367427205 0.08994693341077795 -0.3205603302446997 -0.2860036066928161 0.578223816901571 -0.278462834213502 -0.6797651795887419 -0.07281033707589737 0.2207644769675128 -0.5634947580346581 0.0741844569591 -0.521274328966491 -0.2026598799210732 -0.02627655544780635 -0.3192729807079937 -0.5094958295433811 0.02943557581005945 -0.6453389229811249 0.1010102676643949 0.3221823296166907 0.1763114801070712 0.3503417895311843 -0.0443894448655482 -0.7570118805620555 -0.09022052791173413 0.05448052807556042 -0.05081408441218963 -0.1622316978723883 0.007999440339186184 0.1345365189465074 -0.1710119398358597 0.28009918382225
 1.146148105742735 1.487832477337814 -0.2057949025106441 -0.2397064172486386 0.575047320213022 1.172154432838601 0.2003413674619929 0.4727084133883192 1.149770924246932 -0.3364308037577851 0.1269490908892358 0.125648331045102 -0.5686003395371456 -0.9913021416621933 -0.1061060975577973 -0.4647593989583402 0.2309927428781165 -0.295971786256558 -0.4436556404862568 0.45297826828342 -0.1479113017682596 1.131605649189794 0.3304248121025712 -0.05072721531610428 -0.2126416946421688 0.09588252552101978 -0.2813158823728471 0.3033605102217634 -0.08148296151940092 -0.7040662036545892 0.2349836978858597 -0.1316898490409974 -0.6831235683094762 0.3404840549019424 -0.2409555671937604 -0.06169304803708502 -0.2611607058701201 0.2109467742893279 -0.2912599818777415 0.005735122241962845 -0.6054251718423386



# name: <cell-element>
# type: matrix
# rows: 10
# columns: 21
 -3.743631989446084 0.9292518074744028 -1.44400903932748 -1.019478582566345 0.08884777289549703 -0.04056777599317232 -1.937564974374038 0.05306882984589256 0.04684567751777599 2.468959367317778 -0.9560515014938542 2.89753382260535 -0.2353141242296175 -0.2222230136116222 -0.812965138177569 0.4440504628352171 0.5555457693736733 0.6959468210172188 1.228061066098435 0.33060737427451 -0.8495200075328548
 -3.219857098744807 -0.9971640444774669 0.7708750353487996 -0.5317594638547469 -0.01288891735559989 0.2596053265830124 -1.021621389132759 -0.6728085563852324 2.407449720768208 -1.050353237183354 -0.9928134285235021 0.6113184706013606 -0.612310085025037 2.676867359649573 1.804670630647313 1.366374377409929 -1.812601500836487 -0.3848448981387272 -0.5437039198554455 -2.271526390959752 -1.27142785144847
 -3.631027810030661 1.623854414334669 1.4494898288378 0.6564215284607059 0.1780499411847569 -1.398620324660947 0.9645922926864381 0.03625274849875383 -0.9027265815146885 -1.844629061195167 -1.507693415231649 1.16806812532717 1.121083727050358 0.9906280305947022 1.498232905745835 -0.6752710303611056 2.504415477160016 -1.094596147321744 0.2753375924188641 1.554605397838916 -0.1039798241142029
 -4.913747201572836 2.630714071316601 -1.427496894456402 -0.2210022824519891 -0.395307114844082 0.1562729352695538 0.9487680287198552 -1.148981431817884 2.300629909763158 -0.2613781016619131 0.3130392873434803 -0.01777950948435417 -0.7581019197506565 -0.4130266069433345 0.1713426326867646 0.05212936508656094 -1.183309532802177 -0.5311484226923268 -2.227807172076477 0.09221772907256763 0.6270500526138079
 -3.817812789777348 0.07713448939157938 -0.002376560887122214 1.248999243998253 0.5908487182772992 0.8707340825228906 0.6107468510368849 -1.022088109798606 2.134076471997429 2.200878357542084 -1.53410159145487 0.146083852293656 2.270617656829716 0.8721851197221607 -1.16159957585028 -1.100293389777693 -0.2133310868893454 -2.309050487523804 0.2305848343258845 -1.159507675062299 -0.7809674503583716
 -3.829680261855634 -0.8903830080566278 1.220492339556248 -0.5613113288813119 -1.118370132174546 -1.246528447056376 -2.40398044114628 -1.134450341391229 1.990997642259053 0.08464871757328762 -0.4953825866496163 -3.641308477254755 0.7960377347776549 1.016264690545841 0.04904445589513024 0.117150693920589 1.074686771504698 0.2806821971296321 3.266499519066224 0.6756337310420175 2.36137186802247
 -4.866746237042952 -1.47672292612342 -0.571318068120344 -0.3560935484470607 -0.1901987398742544 0.596147885703128 -1.12260640445988 -0.8849208804076816 -0.3970567525649082 -2.11050873844596 -1.343411795970125 0.7264775138283165 -1.026755219302205 1.152178741946837 -0.9361215538883391 -1.53504641297877 0.6619759219023019 1.434811770263178 0.8407206186970836 -1.281919765864852 -1.044571139533689
 -3.168857378449464 1.539199378335877 0.2313818818329029 2.644670530177166 1.618080159016077 -0.3835649390573306 -0.9858379938991976 0.409691324437734 -0.9647233669668125 0.0152316185371683 -2.365153630712896 -0.6862689638032646 0.5356169408066134 -0.8242312058620883 -0.829117374864217 1.874679744143838 -1.003075823833665 0.9182046629111822 -0.5446233246769634 -1.917387086368433 -0.6640043591491631
 -5.235260352088138 -0.8302435557179763 -0.2213424073633622 -2.053699628183038 -0.2271166865427248 3.079245321637623 -1.010571334744416 1.526798639401322 -0.4370891907566944 0.3162656367184249 -3.460783148060523 -0.7461242169432806 0.21708123513566 -2.003194625435921 -0.3976229613061484 -0.0386679663970949 1.358033395466767 -0.9356714869748474 0.1124611835712892 0.5985575439439954 -1.234426773509228
 -3.691815184472411 -1.464276400097588 0.08196136797476154 1.909924460427934 -1.606514486038847 1.312657909469815 -0.9863364108341174 -0.04362661177043245 2.069087656329374 1.431078833933711 -0.5782345087243896 1.463151199686767 -1.713503846854852 -1.383415737974167 2.308604776536029 -2.786055776245065 -0.7509494682321597 1.310716308396613 0.9578189542138044 -0.1807133407768915 -0.1301461363623489





